v\p  5.0    10.0   15.0   20.0   25.0
120  79.59  80.18  81.76  80.48  82.56
126  81.22  80.84  80.52  82.36  81.26
132  81.07  80.32  81.40  82.73  81.96
138  81.11  81.07  82.19  82.70  82.38
144  81.02  82.34  82.38  81.60  83.31
150  81.62  82.20  81.70  83.64  82.46
156  82.14  83.05  82.99  83.54  83.88
162  82.47  81.76  83.89  82.37  83.20
168  83.49  83.29  83.94  84.25  83.69
174  83.08  84.20  84.54  83.98  84.88
180  83.53  83.09  83.81  84.69  84.41
186  83.96  83.11  85.00  84.23  84.70
192  83.17  84.63  84.50  83.96  84.89
198  83.65  85.00  85.61  84.65  86.15
204  83.57  83.94  84.60  85.15  85.54
210  84.66  85.85  85.70  86.52  86.78
216  86.05  84.53  85.10  86.89  86.34
222  85.18  85.31  86.96  87.36  86.47
228  85.05  85.32  86.15  87.11  86.65
234  85.03  86.90  85.75  86.35  86.97
240  86.84  86.71  87.38  86.32  86.87