The data from the measurements
 v\p    5.00  10.00  15.00  20.00  25.00 
120.0  79.59  80.18  81.76  80.48  82.56 
126.0  81.22  80.84  80.52  82.36  81.26 
132.0  81.07  80.32  81.40  82.73  81.96 
138.0  81.11  81.07  82.19  82.70  82.38 
144.0  81.02  82.34  82.38  81.60  83.31 
150.0  81.62  82.20  81.70  83.64  82.46 
156.0  82.14  83.05  82.99  83.54  83.88 
162.0  82.47  81.76  83.89  82.37  83.20 
168.0  83.49  83.29  83.94  84.25  83.69 
174.0  83.08  84.20  84.54  83.98  84.88 
180.0  83.53  83.09  83.81  84.69  84.41 
186.0  83.96  83.11  85.00  84.23  84.70 
192.0  83.17  84.63  84.50  83.96  84.89 
198.0  83.65  85.00  85.61  84.65  86.15 
204.0  83.57  83.94  84.60  85.15  85.54 
210.0  84.66  85.85  85.70  86.52  86.78 
216.0  86.05  84.53  85.10  86.89  86.34 
222.0  85.18  85.31  86.96  87.36  86.47 
228.0  85.05  85.32  86.15  87.11  86.65 
234.0  85.03  86.90  85.75  86.35  86.97 
240.0  86.84  86.71  87.38  86.32  86.87 


The approximated values of measurements
 Var1\Var2    5.00  10.00  15.00  20.00  25.00 
120.0  80.26  81.10  81.93  82.77  83.61 
126.0  80.56  81.40  82.24  83.07  83.91 
132.0  80.87  81.70  82.54  83.37  84.21 
138.0  81.17  82.00  82.84  83.68  84.51 
144.0  81.47  82.31  83.14  83.98  84.81 
150.0  81.77  82.61  83.44  84.28  85.11 
156.0  82.07  82.91  83.74  84.58  85.42 
162.0  82.37  83.21  84.05  84.88  85.72 
168.0  82.68  83.51  84.35  85.18  86.02 
174.0  82.98  83.81  84.65  85.49  86.32 
180.0  83.28  84.12  84.95  85.79  86.62 
186.0  83.58  84.42  85.25  86.09  86.93 
192.0  83.88  84.72  85.56  86.39  87.23 
198.0  84.19  85.02  85.86  86.69  87.53 
204.0  84.49  85.32  86.16  87.00  87.83 
210.0  84.79  85.63  86.46  87.30  88.13 
216.0  85.09  85.93  86.76  87.60  88.43 
222.0  85.39  86.23  87.06  87.90  88.74 
228.0  85.69  86.53  87.37  88.20  89.04 
234.0  86.00  86.83  87.67  88.50  89.34 
240.0  86.30  87.13  87.97  88.81  89.64 


